DIMS	HDis	MVar	FFV	EX
15	-1.9	1	0.000301033	-1.97022
15	-1.8	1	0.000296054	-1.82661
15	-1.7	1	0.00029539	-1.92711
15	-1.6	1	0.00029843	-1.71058
15	-1.5	1	0.000293371	-1.57136
15	-1.4	1	0.000293507	-1.5638
15	-1.3	1	0.000288338	-1.48341
15	-1.2	1	0.000281169	-1.46749
15	-1.1	1	0.000277452	-1.38546
15	-1	1	0.000271572	-1.27662
15	-0.9	1	0.000268281	-1.2656
15	-0.8	1	0.000261329	-1.14098
15	-0.7	1	0.000253915	-1.1298
15	-0.6	1	0.000247725	-1.00391
15	-0.5	1	0.000238956	-1.00655
15	-0.4	1	0.000234162	-0.769231
15	-0.3	1	0.000229351	-0.721534
15	-0.2	1	0.000222033	-0.673592
15	-0.1	1	0.000221344	-0.465313
15	0	1	0.000215859	-0.399425
15	0.1	1	0.000210279	-0.304023
15	0.2	1	0.000207474	-0.146261
15	0.3	1	0.000203819	-0.0992983
15	0.4	1	0.000205313	0.137015
15	0.5	1	0.000206562	0.346747
15	0.6	1	0.000198135	0.28292
15	0.7	1	0.000197356	0.399347
15	0.8	1	0.000201031	0.576244
15	0.9	1	0.000202737	0.804732
15	1	1	0.00020322	0.982185
15	1.1	1	0.000201901	1.00581
15	1.2	1	9.74724e-05	-1.61307
15	1.3	1	9.51322e-05	-1.5696
15	1.4	1	9.6719e-05	-1.64318
15	1.5	1	9.75712e-05	-1.70245
15	1.6	1	9.83996e-05	-1.77702
15	1.7	1	9.86394e-05	-1.8819
15	1.8	1	9.91957e-05	-1.87101
15	1.9	1	9.97407e-05	-1.95391
15	2	1	0.000100367	-1.88962
16	-1.9	1	0.000118621	-1.83212
16	-1.8	1	0.00011923	-1.91729
16	-1.7	1	0.000119481	-1.70367
16	-1.6	1	0.000117497	-1.80793
16	-1.5	1	0.000116737	-1.68349
16	-1.4	1	0.000116385	-1.52402
16	-1.3	1	0.000113895	-1.42314
16	-1.2	1	0.000112239	-1.48628
16	-1.1	1	0.000111014	-1.4138
16	-1	1	0.000105649	-1.33138
16	-0.9	1	0.000106119	-1.28326
16	-0.8	1	0.000103581	-1.09315
16	-0.7	1	0.000100853	-1.03711
16	-0.6	1	9.758e-05	-1.07585
16	-0.5	1	9.56576e-05	-0.924162
16	-0.4	1	9.29157e-05	-0.78514
16	-0.3	1	9.16189e-05	-0.633271
16	-0.2	1	8.95256e-05	-0.559978
16	-0.1	1	8.75931e-05	-0.43418
16	0	1	8.6299e-05	-0.308489
16	0.1	1	8.14056e-05	-0.337519
16	0.2	1	8.42577e-05	-0.0836823
16	0.3	1	8.29668e-05	0.0416791
16	0.4	1	7.98541e-05	0.0204186
16	0.5	1	8.13036e-05	0.241605
16	0.6	1	8.15052e-05	0.456947
16	0.7	1	7.80123e-05	0.366225
16	0.8	1	7.99577e-05	0.597191
16	0.9	1	8.08929e-05	0.795868
16	1	1	7.89789e-05	0.777458
16	1.1	1	3.57704e-05	-1.32861
16	1.2	1	3.69345e-05	-1.44152
16	1.3	1	3.67844e-05	-1.46177
16	1.4	1	3.83812e-05	-1.65533
16	1.5	1	3.89842e-05	-1.70214
16	1.6	1	3.84117e-05	-1.69069
16	1.7	1	4.00562e-05	-1.85053
16	1.8	1	3.8941e-05	-1.77741
16	1.9	1	3.95077e-05	-1.82006
16	2	1	3.99541e-05	-1.91456
17	-1.9	1	4.80724e-05	-1.83497
17	-1.8	1	4.79154e-05	-1.8636
17	-1.7	1	4.73127e-05	-1.83472
17	-1.6	1	4.71967e-05	-1.71601
17	-1.5	1	4.60493e-05	-1.73093
17	-1.4	1	4.58065e-05	-1.68446
17	-1.3	1	4.49306e-05	-1.42187
17	-1.2	1	4.47837e-05	-1.43717
17	-1.1	1	4.44626e-05	-1.37961
17	-1	1	4.25563e-05	-1.29424
17	-0.9	1	4.22715e-05	-1.22409
17	-0.8	1	4.12011e-05	-1.14291
17	-0.7	1	4.00896e-05	-1.0149
17	-0.6	1	3.85766e-05	-0.914361
17	-0.5	1	3.75123e-05	-0.785228
17	-0.4	1	3.67329e-05	-0.838163
17	-0.3	1	3.61675e-05	-0.79866
17	-0.2	1	3.54906e-05	-0.523678
17	-0.1	1	3.52819e-05	-0.402003
17	0	1	3.43733e-05	-0.320654
17	0.1	1	3.38396e-05	-0.202162
17	0.2	1	3.2882e-05	-0.158996
17	0.3	1	3.18683e-05	-0.0343765
17	0.4	1	3.24118e-05	0.133534
17	0.5	1	3.2004e-05	0.23497
17	0.6	1	3.14483e-05	0.369263
17	0.7	1	3.219e-05	0.563298
17	0.8	1	3.18183e-05	0.607925
17	0.9	1	3.18234e-05	0.774049
17	1	1	3.19534e-05	0.853919
17	1.1	1	3.16023e-05	0.876436
17	1.2	1	1.47477e-05	-1.45589
17	1.3	1	1.53699e-05	-1.65246
17	1.4	1	1.52852e-05	-1.63349
17	1.5	1	1.55443e-05	-1.72845
17	1.6	1	1.57331e-05	-1.80157
17	1.7	1	1.60367e-05	-1.89711
17	1.8	1	1.60222e-05	-1.93566
17	1.9	1	1.59811e-05	-1.86426
17	2	1	1.60394e-05	-1.9403
18	-1.9	1	1.85748e-05	-1.9685
18	-1.8	1	1.88834e-05	-1.80321
