DIMS	HDis	MVar	FFV	EX
1	-1,9	1	119,533	-1,93358
1	-1,8	1	119,142	-1,8644
1	-1,7	1	118,481	-1,80399
1	-1,6	1	117,564	-1,73607
1	-1,5	1	116,408	-1,65546
1	-1,4	1	115,024	-1,59206
1	-1,3	1	113,419	-1,52558
1	-1,2	1	111,612	-1,45078
1	-1,1	1	109,637	-1,36685
1	-1	1	107,493	-1,28195
1	-0,9	1	105,241	-1,20656
1	-0,8	1	102,884	-1,10527
1	-0,7	1	100,475	-1,02769
1	-0,6	1	98,0487	-0,932543
1	-0,5	1	95,6603	-0,83475
1	-0,4	1	93,3739	-0,723179
1	-0,3	1	91,2494	-0,597402
1	-0,2	1	89,2781	-0,479766
1	-0,1	1	87,5627	-0,346198
1	0	1	86,0638	-0,216623
1	0,1	1	84,7991	-0,0873553
1	0,2	1	83,7228	0,0342725
1	0,3	1	82,8564	0,155508
1	0,4	1	82,172	0,279504
1	0,5	1	81,6073	0,396352
1	0,6	1	81,173	0,512244
1	0,7	1	80,8227	0,623219
1	0,8	1	80,577	0,746098
1	0,9	1	80,3544	0,845595
1	1	1	80,2054	0,95798
1	1,1	1	80,0881	1,06172
1	1,2	1	79,9997	1,17389
1	1,3	1	79,9412	1,27944
1	1,4	1	79,8923	1,38205
1	1,5	1	79,8608	1,48667
1	1,6	1	79,8247	1,57925
1	1,7	1	79,8154	1,69504
1	1,8	1	79,7972	1,79342
1	1,9	1	79,7872	1,88123
1	2	1	79,7924	1,98972
1	2,1	1	79,7693	2,08632
1	2,2	1	79,7838	2,19765
1	2,3	1	79,7812	2,30609
1	2,4	1	39,4213	-1,85528
1	2,5	1	39,7607	-1,92842
1	2,6	1	39,6679	-1,90108
1	2,7	1	39,7471	-1,92961
1	2,8	1	39,8673	-1,97276
1	2,9	1	39,755	-1,92387
1	3	1	39,8537	-1,96244
1	3,1	1	39,8878	-1,99154
1	3,2	1	39,8515	-1,96091
1	3,3	1	39,8886	-1,99918
1	3,4	1	39,8878	-1,99248
1	3,5	1	39,8899	-1,99829
1	3,6	1	39,8221	-1,96271
1	3,7	1	39,8762	-1,98649
1	3,8	1	39,864	-1,97198
1	3,9	1	39,8838	-1,98217
1	4	1	39,8871	-1,99268
1	4,1	1	39,8885	-2,00732
1	4,2	1	39,8885	-2,00938
1	4,3	1	39,8862	-1,99489
1	4,4	1	39,8879	-2,00358
1	4,5	1	39,8911	-2,00363
1	4,6	1	39,8866	-2,00034
1	4,7	1	39,8885	-1,99561
1	4,8	1	39,8886	-2,00362
1	4,9	1	39,8874	-2,0035
1	5	1	39,8912	-2,00341
1	5,1	1	39,889	-2,00165
1	5,2	1	39,8857	-1,98895
1	5,3	1	39,8869	-1,99997
1	5,4	1	39,8853	-2,00033
1	5,5	1	39,8922	-1,99984
2	-1,9	1	47,669	-1,93734
2	-1,8	1	47,5092	-1,86264
2	-1,7	1	47,2286	-1,78758
2	-1,6	1	46,8801	-1,71895
2	-1,5	1	46,4183	-1,66294
2	-1,4	1	45,8781	-1,57771
2	-1,3	1	45,2334	-1,51694
2	-1,2	1	44,5085	-1,44469
2	-1,1	1	43,7232	-1,37703
2	-1	1	42,8644	-1,30072
2	-0,9	1	41,962	-1,21
2	-0,8	1	41,0261	-1,1351
2	-0,7	1	40,0536	-1,05919
2	-0,6	1	39,0962	-0,950886
2	-0,5	1	38,1432	-0,841829
2	-0,4	1	37,2185	-0,736139
2	-0,3	1	36,3743	-0,6171
2	-0,2	1	35,5821	-0,501502
2	-0,1	1	34,8889	-0,369687
2	0	1	34,2836	-0,249249
2	0,1	1	33,7741	-0,114661
2	0,2	1	33,3609	0,0138375
2	0,3	1	33,0191	0,133918
2	0,4	1	32,7218	0,246269
2	0,5	1	32,4952	0,366931
2	0,6	1	32,3527	0,499282
2	0,7	1	32,1947	0,593574
2	0,8	1	32,1201	0,733243
2	0,9	1	32,012	0,824832
2	1	1	31,9606	0,938497
2	1,1	1	31,9195	1,05668
2	1,2	1	31,8808	1,1471
2	1,3	1	31,8642	1,25776
2	1,4	1	31,8326	1,35423
2	1,5	1	31,8341	1,47091
2	1,6	1	31,8163	1,56357
2	1,7	1	31,8371	1,69529
2	1,8	1	31,8231	1,79408
2	1,9	1	31,8206	1,90382
2	2	1	15,7734	-1,86934
2	2,1	1	15,7568	-1,85984
2	2,2	1	15,8505	-1,91314
2	2,3	1	15,8251	-1,91094
2	2,4	1	15,8446	-1,90954
2	2,5	1	15,8865	-1,94769
2	2,6	1	15,808	-1,90017
2	2,7	1	15,9015	-1,97135
2	2,8	1	15,8261	-1,90683
2	2,9	1	15,8704	-1,94086
2	3	1	15,9028	-1,98789
2	3,1	1	15,9066	-1,98774
2	3,2	1	15,9053	-1,98878
2	3,3	1	15,9065	-1,98404
2	3,4	1	15,8929	-1,97335
2	3,5	1	15,9052	-2,00998
2	3,6	1	15,9008	-1,98395
2	3,7	1	15,9021	-1,99306
2	3,8	1	15,9086	-2,00111
2	3,9	1	15,9061	-1,98583
2	4	1	15,9012	-1,98902
2	4,1	1	15,9085	-2,00502
2	4,2	1	15,9039	-2,00459
2	4,3	1	15,9056	-1,98872
2	4,4	1	15,9049	-2,00906
2	4,5	1	15,9055	-1,99955
2	4,6	1	15,9051	-2,01978
2	4,7	1	15,9039	-2,0029
2	4,8	1	15,9075	-2,00258
2	4,9	1	15,9079	-2,00161
2	5	1	15,9053	-1,99123
2	5,1	1	15,9066	-2,01062
2	5,2	1	15,9026	-2,00748
2	5,3	1	15,9076	-1,98259
2	5,4	1	15,9035	-2,0098
2	5,5	1	15,9058	-2,00681
3	-1,9	1	19,0049	-1,94229
3	-1,8	1	18,9334	-1,85862
3	-1,7	1	18,8344	-1,82089
3	-1,6	1	18,6865	-1,7312
3	-1,5	1	18,5104	-1,66255
3	-1,4	1	18,2978	-1,58697
3	-1,3	1	18,0344	-1,53131
3	-1,2	1	17,7466	-1,41484
3	-1,1	1	17,436	-1,36051
3	-1	1	17,0787	-1,28972
3	-0,9	1	16,7284	-1,23745
3	-0,8	1	16,3641	-1,12131
3	-0,7	1	15,9714	-1,00987
3	-0,6	1	15,5859	-0,943119
3	-0,5	1	15,1821	-0,884673
3	-0,4	1	14,8327	-0,743826
3	-0,3	1	14,4785	-0,650672
3	-0,2	1	14,1937	-0,499381
3	-0,1	1	13,866	-0,418452
3	0	1	13,6449	-0,268226
3	0,1	1	13,4421	-0,148335
3	0,2	1	13,2559	-0,039285
3	0,3	1	13,136	0,0987128
3	0,4	1	13,0359	0,234031
3	0,5	1	12,9236	0,333776
3	0,6	1	12,8727	0,46278
3	0,7	1	12,8179	0,580018
3	0,8	1	12,7789	0,695372
3	0,9	1	12,7385	0,79526
3	1	1	12,7227	0,905092
3	1,1	1	12,6956	1,00943
3	1,2	1	12,6933	1,12252
3	1,3	1	12,7082	1,2655
3	1,4	1	12,6912	1,35104
3	1,5	1	12,6861	1,45935
3	1,6	1	12,6882	1,56836
3	1,7	1	12,691	1,68662
3	1,8	1	6,20039	-1,77527
3	1,9	1	6,21793	-1,79235
3	2	1	6,27245	-1,84418
4	-1,9	1	7,57095	-1,96051
4	-1,8	1	7,54555	-1,88669
4	-1,7	1	7,50922	-1,7747
4	-1,6	1	7,44817	-1,70178
4	-1,5	1	7,37672	-1,66227
4	-1,4	1	7,28824	-1,59542
4	-1,3	1	7,1902	-1,5379
4	-1,2	1	7,07276	-1,45396
4	-1,1	1	6,95007	-1,34845
4	-1	1	6,80162	-1,28353
4	-0,9	1	6,67067	-1,21482
4	-0,8	1	6,52057	-1,0945
4	-0,7	1	6,36632	-1,04712
4	-0,6	1	6,21755	-0,924873
4	-0,5	1	6,05545	-0,88074
4	-0,4	1	5,90681	-0,77069
4	-0,3	1	5,76626	-0,661123
4	-0,2	1	5,62667	-0,579538
4	-0,1	1	5,51753	-0,448547
4	0	1	5,43249	-0,283125
4	0,1	1	5,34166	-0,188737
4	0,2	1	5,29828	0,00529088
4	0,3	1	5,21651	0,0687847
4	0,4	1	5,16685	0,175445
4	0,5	1	5,1688	0,371468
4	0,6	1	5,13247	0,465811
4	0,7	1	5,11065	0,585593
4	0,8	1	5,08297	0,662996
4	0,9	1	5,08078	0,79667
4	1	1	5,0526	0,867767
4	1,1	1	5,07258	1,04449
4	1,2	1	5,05625	1,12871
4	1,3	1	5,06332	1,24121
4	1,4	1	5,05873	1,34427
4	1,5	1	5,05892	1,45772
4	1,6	1	2,42386	-1,68626
4	1,7	1	2,4816	-1,78526
4	1,8	1	2,49054	-1,81763
4	1,9	1	2,476	-1,79338
4	2	1	2,5014	-1,85306
5	-1,9	1	3,02041	-1,92656
5	-1,8	1	3,00586	-1,89878
5	-1,7	1	2,99177	-1,81061
5	-1,6	1	2,96731	-1,72792
5	-1,5	1	2,93959	-1,64821
5	-1,4	1	2,90409	-1,59906
5	-1,3	1	2,86422	-1,53883
5	-1,2	1	2,81981	-1,47168
5	-1,1	1	2,7677	-1,37367
5	-1	1	2,71098	-1,32334
5	-0,9	1	2,65597	-1,241
5	-0,8	1	2,59874	-1,15101
5	-0,7	1	2,5317	-1,08185
5	-0,6	1	2,47594	-0,971783
5	-0,5	1	2,41458	-0,884078
5	-0,4	1	2,34717	-0,829626
5	-0,3	1	2,30347	-0,619138
5	-0,2	1	2,23403	-0,602171
5	-0,1	1	2,20457	-0,403104
5	0	1	2,15545	-0,353456
5	0,1	1	2,13746	-0,128682
5	0,2	1	2,0992	-0,0506248
5	0,3	1	2,07113	0,0201641
5	0,4	1	2,07068	0,224343
5	0,5	1	2,05604	0,346134
5	0,6	1	2,03451	0,404415
5	0,7	1	2,02777	0,538542
5	0,8	1	2,0344	0,716709
5	0,9	1	2,02358	0,781885
5	1	1	2,01748	0,885702
5	1,1	1	2,00856	0,979649
5	1,2	1	2,01317	1,09587
5	1,3	1	2,01589	1,2165
5	1,4	1	2,01267	1,36342
5	1,5	1	0,960035	-1,64319
5	1,6	1	0,954511	-1,64284
5	1,7	1	0,989533	-1,79947
5	1,8	1	0,990936	-1,80367
5	1,9	1	0,994897	-1,8341
5	2	1	0,99975	-1,8847
6	-1,9	1	1,20199	-1,97301
6	-1,8	1	1,19876	-1,87255
6	-1,7	1	1,19276	-1,82234
6	-1,6	1	1,18354	-1,72757
6	-1,5	1	1,17104	-1,62503
6	-1,4	1	1,15872	-1,58516
6	-1,3	1	1,14181	-1,52127
6	-1,2	1	1,11676	-1,38244
6	-1,1	1	1,10406	-1,37848
6	-1	1	1,08302	-1,30396
6	-0,9	1	1,05929	-1,22115
6	-0,8	1	1,03495	-1,16483
6	-0,7	1	1,00959	-1,0742
6	-0,6	1	0,981958	-1,03708
6	-0,5	1	0,959263	-0,893834
6	-0,4	1	0,935116	-0,821825
6	-0,3	1	0,915293	-0,667985
6	-0,2	1	0,895788	-0,559861
6	-0,1	1	0,878357	-0,403284
6	0	1	0,858494	-0,349101
6	0,1	1	0,849986	-0,174055
6	0,2	1	0,839434	-0,0290064
6	0,3	1	0,824235	0,0253683
6	0,4	1	0,825907	0,23319
6	0,5	1	0,818879	0,340825
6	0,6	1	0,808679	0,387842
6	0,7	1	0,807495	0,5486
6	0,8	1	0,803764	0,630744
6	0,9	1	0,807561	0,797906
6	1	1	0,797727	0,810634
6	1,1	1	0,800542	0,971799
6	1,2	1	0,801002	1,11244
6	1,3	1	0,799706	1,18128
6	1,4	1	0,369705	-1,53081
6	1,5	1	0,383968	-1,6558
6	1,6	1	0,391406	-1,75834
6	1,7	1	0,392536	-1,77491
6	1,8	1	0,395075	-1,8049
6	1,9	1	0,399836	-1,8991
6	2	1	0,399845	-1,89655
7	-1,9	1	0,478854	-1,926
7	-1,8	1	0,476822	-1,88895
7	-1,7	1	0,475161	-1,77898
7	-1,6	1	0,471369	-1,73801
7	-1,5	1	0,466798	-1,67643
7	-1,4	1	0,460565	-1,55769
7	-1,3	1	0,454414	-1,54075
7	-1,2	1	0,447941	-1,4621
7	-1,1	1	0,439204	-1,37531
7	-1	1	0,431138	-1,28481
7	-0,9	1	0,42218	-1,24175
7	-0,8	1	0,412216	-1,15825
7	-0,7	1	0,401611	-1,09829
7	-0,6	1	0,392768	-0,993747
7	-0,5	1	0,383353	-0,868395
7	-0,4	1	0,371808	-0,821644
7	-0,3	1	0,364953	-0,660355
7	-0,2	1	0,355066	-0,58505
7	-0,1	1	0,349152	-0,453183
7	0	1	0,341753	-0,362243
7	0,1	1	0,339465	-0,149108
7	0,2	1	0,332957	-0,0709057
7	0,3	1	0,330803	0,0811939
7	0,4	1	0,328156	0,22587
7	0,5	1	0,322476	0,252536
7	0,6	1	0,321169	0,382384
7	0,7	1	0,322378	0,550446
7	0,8	1	0,32082	0,635901
7	0,9	1	0,321979	0,820306
7	1	1	0,321569	0,952289
7	1,1	1	0,321129	1,02906
7	1,2	1	0,319586	1,10532
7	1,3	1	0,319127	1,26549
7	1,4	1	0,152772	-1,63231
7	1,5	1	0,153086	-1,66053
7	1,6	1	0,158769	-1,83705
7	1,7	1	0,157429	-1,80668
7	1,8	1	0,158781	-1,86081
7	1,9	1	0,156645	-1,78925
7	2	1	0,158655	-1,8949
8	-1,9	1	0,190821	-1,90835
8	-1,8	1	0,190224	-1,8876
8	-1,7	1	0,189334	-1,8208
8	-1,6	1	0,187993	-1,7533
8	-1,5	1	0,185454	-1,70638
8	-1,4	1	0,18372	-1,58154
8	-1,3	1	0,181055	-1,51837
8	-1,2	1	0,17842	-1,40793
8	-1,1	1	0,175367	-1,3779
8	-1	1	0,171862	-1,32172
8	-0,9	1	0,168427	-1,19783
8	-0,8	1	0,163663	-1,13775
8	-0,7	1	0,160821	-1,03141
8	-0,6	1	0,156685	-0,945942
8	-0,5	1	0,152061	-0,883505
8	-0,4	1	0,149327	-0,714264
8	-0,3	1	0,14593	-0,589758
8	-0,2	1	0,141281	-0,5913
8	-0,1	1	0,138376	-0,500726
8	0	1	0,136736	-0,272834
8	0,1	1	0,134782	-0,185066
8	0,2	1	0,132024	-0,098355
8	0,3	1	0,130774	0,0127958
8	0,4	1	0,129017	0,138872
8	0,5	1	0,129891	0,317007
8	0,6	1	0,129363	0,45695
8	0,7	1	0,127625	0,523942
8	0,8	1	0,127264	0,630565
8	0,9	1	0,127913	0,788794
8	1	1	0,12707	0,859147
8	1,1	1	0,125698	0,8926
8	1,2	1	0,126794	1,06778
8	1,3	1	0,0614104	-1,66056
8	1,4	1	0,060447	-1,62182
8	1,5	1	0,0604707	-1,62914
8	1,6	1	0,0624661	-1,76783
8	1,7	1	0,0625366	-1,78478
8	1,8	1	0,0629615	-1,81743
8	1,9	1	0,0635931	-1,91261
8	2	1	0,0637387	-1,94232
9	-1,9	1	0,0761298	-1,90123
9	-1,8	1	0,0758754	-1,92004
9	-1,7	1	0,075196	-1,74803
9	-1,6	1	0,0747743	-1,73523
9	-1,5	1	0,0742233	-1,68204
9	-1,4	1	0,0733122	-1,59361
9	-1,3	1	0,0720122	-1,4961
9	-1,2	1	0,0708327	-1,49546
9	-1,1	1	0,0693148	-1,40081
9	-1	1	0,0684117	-1,32784
9	-0,9	1	0,0669754	-1,20609
9	-0,8	1	0,0655258	-1,16436
9	-0,7	1	0,0638214	-1,03587
9	-0,6	1	0,0622802	-0,987253
9	-0,5	1	0,0607206	-0,869833
9	-0,4	1	0,0591124	-0,806621
9	-0,3	1	0,0576231	-0,709263
9	-0,2	1	0,056615	-0,529772
9	-0,1	1	0,055415	-0,43982
9	0	1	0,054488	-0,294433
9	0,1	1	0,0532474	-0,234127
9	0,2	1	0,0526742	-0,124539
9	0,3	1	0,0523618	0,064811
9	0,4	1	0,0513026	0,0946621
9	0,5	1	0,0515793	0,330106
9	0,6	1	0,0514071	0,420243
9	0,7	1	0,0510055	0,523163
9	0,8	1	0,0505985	0,585528
9	0,9	1	0,0502372	0,708947
9	1	1	0,0506555	0,863504
9	1,1	1	0,0507789	0,994765
9	1,2	1	0,0505574	1,12652
9	1,3	1	0,0242658	-1,61779
9	1,4	1	0,0232565	-1,51634
9	1,5	1	0,024716	-1,72685
9	1,6	1	0,0251136	-1,80361
9	1,7	1	0,0247548	-1,75537
9	1,8	1	0,0246228	-1,75194
9	1,9	1	0,0251897	-1,8941
9	2	1	0,0252329	-1,90621
10	-1,9	1	0,030036	-1,95658
10	-1,8	1	0,0301621	-1,82704
10	-1,7	1	0,0300606	-1,84004
10	-1,6	1	0,0296603	-1,66452
10	-1,5	1	0,0295177	-1,69277
10	-1,4	1	0,0290426	-1,71297
10	-1,3	1	0,0285716	-1,57204
10	-1,2	1	0,028342	-1,4648
10	-1,1	1	0,0277333	-1,39532
10	-1	1	0,0271513	-1,32332
10	-0,9	1	0,0266139	-1,16518
10	-0,8	1	0,0261082	-1,12667
10	-0,7	1	0,0253205	-1,1286
10	-0,6	1	0,0248344	-0,958349
10	-0,5	1	0,0241955	-0,883972
10	-0,4	1	0,0233565	-0,875938
10	-0,3	1	0,0228846	-0,725266
10	-0,2	1	0,0225233	-0,570079
10	-0,1	1	0,0220511	-0,435337
10	0	1	0,0218094	-0,254558
10	0,1	1	0,0211577	-0,248988
10	0,2	1	0,0205631	-0,218547
10	0,3	1	0,0207247	-0,00604973
10	0,4	1	0,0204588	0,139668
10	0,5	1	0,0204175	0,266868
10	0,6	1	0,0202498	0,361022
10	0,7	1	0,0203982	0,55574
10	0,8	1	0,0204234	0,687439
10	0,9	1	0,0202248	0,795089
10	1	1	0,0202279	0,855237
10	1,1	1	0,0201082	0,967264
10	1,2	1	0,00970395	-1,58609
10	1,3	1	0,00967353	-1,61983
10	1,4	1	0,00980904	-1,71532
10	1,5	1	0,00987167	-1,73682
10	1,6	1	0,0100765	-1,87615
10	1,7	1	0,00996146	-1,81514
10	1,8	1	0,0100369	-1,92608
10	1,9	1	0,0099864	-1,83314
10	2	1	0,0100347	-1,86274
11	-1,9	1	0,0120488	-1,87416
11	-1,8	1	0,0118337	-1,84337
11	-1,7	1	0,0118955	-1,83513
11	-1,6	1	0,0117677	-1,77551
11	-1,5	1	0,011733	-1,61315
11	-1,4	1	0,0115677	-1,54175
11	-1,3	1	0,011463	-1,49359
11	-1,2	1	0,0112257	-1,48565
11	-1,1	1	0,0110663	-1,43899
11	-1	1	0,010821	-1,2776
11	-0,9	1	0,0105558	-1,28044
11	-0,8	1	0,0103709	-1,12839
11	-0,7	1	0,0100512	-1,04831
11	-0,6	1	0,00989129	-0,969039
11	-0,5	1	0,00959609	-0,894094
11	-0,4	1	0,00932346	-0,874862
11	-0,3	1	0,00914939	-0,639781
11	-0,2	1	0,00899076	-0,556395
11	-0,1	1	0,00869814	-0,531441
11	0	1	0,00859407	-0,376282
11	0,1	1	0,00845659	-0,234864
11	0,2	1	0,00841374	-0,0435467
11	0,3	1	0,00827346	0,0429961
11	0,4	1	0,00822967	0,196433
11	0,5	1	0,0081932	0,326115
11	0,6	1	0,00798314	0,344293
11	0,7	1	0,00807765	0,506542
11	0,8	1	0,00799282	0,617396
11	0,9	1	0,0079293	0,656777
11	1	1	0,00797001	0,818859
11	1,1	1	0,00806859	1,06277
11	1,2	1	0,00390242	-1,62311
11	1,3	1	0,00393457	-1,70978
11	1,4	1	0,00388253	-1,69076
11	1,5	1	0,00392425	-1,71894
11	1,6	1	0,00390866	-1,73299
11	1,7	1	0,00396726	-1,83739
11	1,8	1	0,00395368	-1,81366
11	1,9	1	0,00402196	-1,91532
11	2	1	0,00400491	-1,91202
12	-1,9	1	0,00479279	-1,92767
12	-1,8	1	0,00479473	-1,84659
12	-1,7	1	0,00473777	-1,85353
12	-1,6	1	0,00470912	-1,70522
12	-1,5	1	0,00468488	-1,61007
12	-1,4	1	0,00459666	-1,63904
12	-1,3	1	0,00453529	-1,50288
12	-1,2	1	0,00449882	-1,44084
12	-1,1	1	0,00435168	-1,40214
12	-1	1	0,00430702	-1,23995
12	-0,9	1	0,0042043	-1,11089
12	-0,8	1	0,00411701	-1,15885
12	-0,7	1	0,00401931	-1,08228
12	-0,6	1	0,00392013	-0,987564
12	-0,5	1	0,00381882	-0,876178
12	-0,4	1	0,00373528	-0,793618
12	-0,3	1	0,00364187	-0,64198
12	-0,2	1	0,00352461	-0,66508
12	-0,1	1	0,00348592	-0,496166
12	0	1	0,00341171	-0,409477
12	0,1	1	0,00336718	-0,218201
12	0,2	1	0,00333728	-0,0764813
12	0,3	1	0,00324426	-0,03358
12	0,4	1	0,00321287	0,0732572
12	0,5	1	0,00323037	0,230489
12	0,6	1	0,00320857	0,40309
12	0,7	1	0,0031933	0,501796
12	0,8	1	0,00320015	0,594116
12	0,9	1	0,00321684	0,790234
12	1	1	0,00321834	0,901593
12	1,1	1	0,0031523	0,880127
12	1,2	1	0,00158915	-1,73012
12	1,3	1	0,00149875	-1,55181
12	1,4	1	0,00152968	-1,6345
12	1,5	1	0,00156007	-1,74984
12	1,6	1	0,00156817	-1,75057
12	1,7	1	0,00158691	-1,83719
12	1,8	1	0,00158565	-1,83284
12	1,9	1	0,00159141	-1,86634
12	2	1	0,00157931	-1,84359