DIMS	HDis	MVar	FFV	EX
5	1.1	1	2.00856	0.979649
5	1.2	1	2.01317	1.09587
5	1.3	1	2.01589	1.2165
5	1.4	1	2.01267	1.36342
5	1.5	1	0.960035	-1.64319
5	1.6	1	0.954511	-1.64284
5	1.7	1	0.989533	-1.79947
5	1.8	1	0.990936	-1.80367
5	1.9	1	0.994897	-1.8341
5	2	1	0.99975	-1.8847
6	-1.9	1	1.20199	-1.97301
6	-1.8	1	1.19876	-1.87255
6	-1.7	1	1.19276	-1.82234
6	-1.6	1	1.18354	-1.72757
6	-1.5	1	1.17104	-1.62503
6	-1.4	1	1.15872	-1.58516
6	-1.3	1	1.14181	-1.52127
6	-1.2	1	1.11676	-1.38244
6	-1.1	1	1.10406	-1.37848
6	-1	1	1.08302	-1.30396
6	-0.9	1	1.05929	-1.22115
6	-0.8	1	1.03495	-1.16483
6	-0.7	1	1.00959	-1.0742
6	-0.6	1	0.981958	-1.03708
6	-0.5	1	0.959263	-0.893834
6	-0.4	1	0.935116	-0.821825
6	-0.3	1	0.915293	-0.667985
6	-0.2	1	0.895788	-0.559861
6	-0.1	1	0.878357	-0.403284
6	0	1	0.858494	-0.349101
6	0.1	1	0.849986	-0.174055
6	0.2	1	0.839434	-0.0290064
6	0.3	1	0.824235	0.0253683
6	0.4	1	0.825907	0.23319
6	0.5	1	0.818879	0.340825
6	0.6	1	0.808679	0.387842
6	0.7	1	0.807495	0.5486
6	0.8	1	0.803764	0.630744
6	0.9	1	0.807561	0.797906
6	1	1	0.797727	0.810634
6	1.1	1	0.800542	0.971799
6	1.2	1	0.801002	1.11244
6	1.3	1	0.799706	1.18128
6	1.4	1	0.369705	-1.53081
6	1.5	1	0.383968	-1.6558
6	1.6	1	0.391406	-1.75834
6	1.7	1	0.392536	-1.77491
6	1.8	1	0.395075	-1.8049
6	1.9	1	0.399836	-1.8991
6	2	1	0.399845	-1.89655
7	-1.9	1	0.478854	-1.926
7	-1.8	1	0.476822	-1.88895
7	-1.7	1	0.475161	-1.77898
7	-1.6	1	0.471369	-1.73801
7	-1.5	1	0.466798	-1.67643
7	-1.4	1	0.460565	-1.55769
7	-1.3	1	0.454414	-1.54075
7	-1.2	1	0.447941	-1.4621
7	-1.1	1	0.439204	-1.37531
7	-1	1	0.431138	-1.28481
7	-0.9	1	0.42218	-1.24175
7	-0.8	1	0.412216	-1.15825
7	-0.7	1	0.401611	-1.09829
7	-0.6	1	0.392768	-0.993747
7	-0.5	1	0.383353	-0.868395
7	-0.4	1	0.371808	-0.821644
7	-0.3	1	0.364953	-0.660355
7	-0.2	1	0.355066	-0.58505
7	-0.1	1	0.349152	-0.453183
7	0	1	0.341753	-0.362243
7	0.1	1	0.339465	-0.149108
7	0.2	1	0.332957	-0.0709057
7	0.3	1	0.330803	0.0811939
7	0.4	1	0.328156	0.22587
7	0.5	1	0.322476	0.252536
7	0.6	1	0.321169	0.382384
7	0.7	1	0.322378	0.550446
7	0.8	1	0.32082	0.635901
7	0.9	1	0.321979	0.820306
7	1	1	0.321569	0.952289
7	1.1	1	0.321129	1.02906
7	1.2	1	0.319586	1.10532
7	1.3	1	0.319127	1.26549
7	1.4	1	0.152772	-1.63231
7	1.5	1	0.153086	-1.66053
7	1.6	1	0.158769	-1.83705
7	1.7	1	0.157429	-1.80668
7	1.8	1	0.158781	-1.86081
7	1.9	1	0.156645	-1.78925
7	2	1	0.158655	-1.8949
8	-1.9	1	0.190224	-1.92528
8	-1.8	1	0.190341	-1.87721
8	-1.7	1	0.188711	-1.83279
8	-1.6	1	0.187389	-1.76928
8	-1.5	1	0.185671	-1.61691
8	-1.4	1	0.183799	-1.56889
8	-1.3	1	0.181389	-1.50293
8	-1.2	1	0.178157	-1.44959
8	-1.1	1	0.174408	-1.32932
8	-1	1	0.170809	-1.27357
8	-0.9	1	0.167009	-1.29481
