DIMS	HDis	MVar	FFV	EX
8	-1.9	1	0.190821	-1.90835
8	-1.8	1	0.190224	-1.8876
8	-1.7	1	0.189334	-1.8208
8	-1.6	1	0.187993	-1.7533
8	-1.5	1	0.185454	-1.70638
8	-1.4	1	0.18372	-1.58154
8	-1.3	1	0.181055	-1.51837
8	-1.2	1	0.17842	-1.40793
8	-1.1	1	0.175367	-1.3779
8	-1	1	0.171862	-1.32172
8	-0.9	1	0.168427	-1.19783
8	-0.8	1	0.163663	-1.13775
8	-0.7	1	0.160821	-1.03141
8	-0.6	1	0.156685	-0.945942
8	-0.5	1	0.152061	-0.883505
8	-0.4	1	0.149327	-0.714264
8	-0.3	1	0.14593	-0.589758
8	-0.2	1	0.141281	-0.5913
8	-0.1	1	0.138376	-0.500726
8	0	1	0.136736	-0.272834
8	0.1	1	0.134782	-0.185066
8	0.2	1	0.132024	-0.098355
8	0.3	1	0.130774	0.0127958
8	0.4	1	0.129017	0.138872
8	0.5	1	0.129891	0.317007
8	0.6	1	0.129363	0.45695
8	0.7	1	0.127625	0.523942
8	0.8	1	0.127264	0.630565
8	0.9	1	0.127913	0.788794
8	1	1	0.12707	0.859147
8	1.1	1	0.125698	0.8926
8	1.2	1	0.126794	1.06778
8	1.3	1	0.0614104	-1.66056
8	1.4	1	0.060447	-1.62182
8	1.5	1	0.0604707	-1.62914
8	1.6	1	0.0624661	-1.76783
8	1.7	1	0.0625366	-1.78478
8	1.8	1	0.0629615	-1.81743
8	1.9	1	0.0635931	-1.91261
8	2	1	0.0637387	-1.94232
9	-1.9	1	0.0761298	-1.90123
9	-1.8	1	0.0758754	-1.92004
9	-1.7	1	0.075196	-1.74803
9	-1.6	1	0.0747743	-1.73523
9	-1.5	1	0.0742233	-1.68204
9	-1.4	1	0.0733122	-1.59361
9	-1.3	1	0.0720122	-1.4961
9	-1.2	1	0.0708327	-1.49546
9	-1.1	1	0.0693148	-1.40081
9	-1	1	0.0684117	-1.32784
9	-0.9	1	0.0669754	-1.20609
9	-0.8	1	0.0655258	-1.16436
9	-0.7	1	0.0638214	-1.03587
9	-0.6	1	0.0622802	-0.987253
9	-0.5	1	0.0607206	-0.869833
9	-0.4	1	0.0591124	-0.806621
9	-0.3	1	0.0576231	-0.709263
9	-0.2	1	0.056615	-0.529772
9	-0.1	1	0.055415	-0.43982
9	0	1	0.054488	-0.294433
9	0.1	1	0.0532474	-0.234127
9	0.2	1	0.0526742	-0.124539
9	0.3	1	0.0523618	0.064811
9	0.4	1	0.0513026	0.0946621
9	0.5	1	0.0515793	0.330106
9	0.6	1	0.0514071	0.420243
9	0.7	1	0.0510055	0.523163
9	0.8	1	0.0505985	0.585528
9	0.9	1	0.0502372	0.708947
9	1	1	0.0506555	0.863504
9	1.1	1	0.0507789	0.994765
9	1.2	1	0.0505574	1.12652
9	1.3	1	0.0242658	-1.61779
9	1.4	1	0.0232565	-1.51634
9	1.5	1	0.024716	-1.72685
9	1.6	1	0.0251136	-1.80361
9	1.7	1	0.0247548	-1.75537
9	1.8	1	0.0246228	-1.75194
9	1.9	1	0.0251897	-1.8941
9	2	1	0.0252329	-1.90621
10	-1.9	1	0.030036	-1.95658
10	-1.8	1	0.0301621	-1.82704
10	-1.7	1	0.0300606	-1.84004
10	-1.6	1	0.0296603	-1.66452
10	-1.5	1	0.0295177	-1.69277
10	-1.4	1	0.0290426	-1.71297
10	-1.3	1	0.0285716	-1.57204
10	-1.2	1	0.028342	-1.4648
10	-1.1	1	0.0277333	-1.39532
10	-1	1	0.0271513	-1.32332
10	-0.9	1	0.0266139	-1.16518
10	-0.8	1	0.0261082	-1.12667
10	-0.7	1	0.0253205	-1.1286
10	-0.6	1	0.0248344	-0.958349
10	-0.5	1	0.0241955	-0.883972
10	-0.4	1	0.0233565	-0.875938
10	-0.3	1	0.0228846	-0.725266
10	-0.2	1	0.0225233	-0.570079
10	-0.1	1	0.0220511	-0.435337
10	0	1	0.0218094	-0.254558
10	0.1	1	0.0211577	-0.248988
10	0.2	1	0.0205631	-0.218547
10	0.3	1	0.0207247	-0.00604973
10	0.4	1	0.0204588	0.139668
10	0.5	1	0.0204175	0.266868
10	0.6	1	0.0202498	0.361022
10	0.7	1	0.0203982	0.55574
10	0.8	1	0.0204234	0.687439
10	0.9	1	0.0202248	0.795089
10	1	1	0.0202279	0.855237
10	1.1	1	0.0201082	0.967264
10	1.2	1	0.00970395	-1.58609
10	1.3	1	0.00967353	-1.61983
10	1.4	1	0.00980904	-1.71532
10	1.5	1	0.00987167	-1.73682
10	1.6	1	0.0100765	-1.87615
10	1.7	1	0.00996146	-1.81514
10	1.8	1	0.0100369	-1.92608
10	1.9	1	0.0099864	-1.83314
10	2	1	0.0100347	-1.86274
11	-1.9	1	0.0120488	-1.87416
11	-1.8	1	0.0118337	-1.84337
11	-1.7	1	0.0118955	-1.83513
11	-1.6	1	0.0117677	-1.77551
11	-1.5	1	0.011733	-1.61315
11	-1.4	1	0.0115677	-1.54175
11	-1.3	1	0.011463	-1.49359
11	-1.2	1	0.0112257	-1.48565
11	-1.1	1	0.0110663	-1.43899
11	-1	1	0.010821	-1.2776
11	-0.9	1	0.0105558	-1.28044
11	-0.8	1	0.0103709	-1.12839
11	-0.7	1	0.0100512	-1.04831
11	-0.6	1	0.00989129	-0.969039
11	-0.5	1	0.00959609	-0.894094
11	-0.4	1	0.00932346	-0.874862
11	-0.3	1	0.00914939	-0.639781
11	-0.2	1	0.00899076	-0.556395
11	-0.1	1	0.00869814	-0.531441
11	0	1	0.00859407	-0.376282
11	0.1	1	0.00845659	-0.234864
11	0.2	1	0.00841374	-0.0435467
11	0.3	1	0.00827346	0.0429961
11	0.4	1	0.00822967	0.196433
11	0.5	1	0.0081932	0.326115
11	0.6	1	0.00798314	0.344293
11	0.7	1	0.00807765	0.506542
11	0.8	1	0.00799282	0.617396
11	0.9	1	0.0079293	0.656777
11	1	1	0.00797001	0.818859
11	1.1	1	0.00806859	1.06277
11	1.2	1	0.00390242	-1.62311
11	1.3	1	0.00393457	-1.70978
11	1.4	1	0.00388253	-1.69076
11	1.5	1	0.00392425	-1.71894
11	1.6	1	0.00390866	-1.73299
11	1.7	1	0.00396726	-1.83739
11	1.8	1	0.00395368	-1.81366
11	1.9	1	0.00402196	-1.91532
11	2	1	0.00400491	-1.91202
12	-1.9	1	0.00479279	-1.92767
12	-1.8	1	0.00479473	-1.84659
12	-1.7	1	0.00473777	-1.85353
12	-1.6	1	0.00470912	-1.70522
12	-1.5	1	0.00468488	-1.61007
12	-1.4	1	0.00459666	-1.63904
12	-1.3	1	0.00453529	-1.50288
12	-1.2	1	0.00449882	-1.44084
12	-1.1	1	0.00435168	-1.40214
12	-1	1	0.00430702	-1.23995
12	-0.9	1	0.0042043	-1.11089
12	-0.8	1	0.00411701	-1.15885
12	-0.7	1	0.00401931	-1.08228
12	-0.6	1	0.00392013	-0.987564
12	-0.5	1	0.00381882	-0.876178
12	-0.4	1	0.00373528	-0.793618
12	-0.3	1	0.00364187	-0.64198
12	-0.2	1	0.00352461	-0.66508
12	-0.1	1	0.00348592	-0.496166
12	0	1	0.00341171	-0.409477
12	0.1	1	0.00336718	-0.218201
12	0.2	1	0.00333728	-0.0764813
12	0.3	1	0.00324426	-0.03358
12	0.4	1	0.00321287	0.0732572
12	0.5	1	0.00323037	0.230489
12	0.6	1	0.00320857	0.40309
12	0.7	1	0.0031933	0.501796
12	0.8	1	0.00320015	0.594116
12	0.9	1	0.00321684	0.790234
12	1	1	0.00321834	0.901593
12	1.1	1	0.0031523	0.880127
12	1.2	1	0.00158915	-1.73012
12	1.3	1	0.00149875	-1.55181
12	1.4	1	0.00152968	-1.6345
12	1.5	1	0.00156007	-1.74984
12	1.6	1	0.00156817	-1.75057
12	1.7	1	0.00158691	-1.83719
12	1.8	1	0.00158565	-1.83284
12	1.9	1	0.00159141	-1.86634
12	2	1	0.00157931	-1.84359
13	-1.9	1	0.00191749	-1.93486
13	-1.8	1	0.0019045	-1.88414
13	-1.7	1	0.00188437	-1.78334
13	-1.6	1	0.00186725	-1.79621
13	-1.5	1	0.00185899	-1.64295
13	-1.4	1	0.00183737	-1.62148
13	-1.3	1	0.00180244	-1.4942
13	-1.2	1	0.00177497	-1.58723
13	-1.1	1	0.00175864	-1.3613
13	-1	1	0.00171431	-1.21709
13	-0.9	1	0.00168829	-1.21989
13	-0.8	1	0.00163995	-1.12716
13	-0.7	1	0.00160764	-1.11773
13	-0.6	1	0.00157161	-0.952373
13	-0.5	1	0.00152897	-0.894706
13	-0.4	1	0.00147104	-0.870012
