DIMS	HDis	MVar	FFV	EX
1	-1.9	1	119.533	-1.93358
1	-1.8	1	119.142	-1.8644
1	-1.7	1	118.481	-1.80399
1	-1.6	1	117.564	-1.73607
1	-1.5	1	116.408	-1.65546
1	-1.4	1	115.024	-1.59206
1	-1.3	1	113.419	-1.52558
1	-1.2	1	111.612	-1.45078
1	-1.1	1	109.637	-1.36685
1	-1	1	107.493	-1.28195
1	-0.9	1	105.241	-1.20656
1	-0.8	1	102.884	-1.10527
1	-0.7	1	100.475	-1.02769
1	-0.6	1	98.0487	-0.932543
1	-0.5	1	95.6603	-0.83475
1	-0.4	1	93.3739	-0.723179
1	-0.3	1	91.2494	-0.597402
1	-0.2	1	89.2781	-0.479766
1	-0.1	1	87.5627	-0.346198
1	0	1	86.0638	-0.216623
1	0.1	1	84.7991	-0.0873553
1	0.2	1	83.7228	0.0342725
1	0.3	1	82.8564	0.155508
1	0.4	1	82.172	0.279504
1	0.5	1	81.6073	0.396352
1	0.6	1	81.173	0.512244
1	0.7	1	80.8227	0.623219
1	0.8	1	80.577	0.746098
1	0.9	1	80.3544	0.845595
1	1	1	80.2054	0.95798
1	1.1	1	80.0881	1.06172
1	1.2	1	79.9997	1.17389
1	1.3	1	79.9412	1.27944
1	1.4	1	79.8923	1.38205
1	1.5	1	79.8608	1.48667
1	1.6	1	79.8247	1.57925
1	1.7	1	79.8154	1.69504
1	1.8	1	79.7972	1.79342
1	1.9	1	79.7872	1.88123
1	2	1	79.7924	1.98972
1	2.1	1	79.7693	2.08632
1	2.2	1	79.7838	2.19765
1	2.3	1	79.7812	2.30609
1	2.4	1	39.4213	-1.85528
1	2.5	1	39.7607	-1.92842
1	2.6	1	39.6679	-1.90108
1	2.7	1	39.7471	-1.92961
1	2.8	1	39.8673	-1.97276
1	2.9	1	39.755	-1.92387
1	3	1	39.8537	-1.96244
1	3.1	1	39.8878	-1.99154
1	3.2	1	39.8515	-1.96091
1	3.3	1	39.8886	-1.99918
1	3.4	1	39.8878	-1.99248
1	3.5	1	39.8899	-1.99829
1	3.6	1	39.8221	-1.96271
1	3.7	1	39.8762	-1.98649
1	3.8	1	39.864	-1.97198
1	3.9	1	39.8838	-1.98217
1	4	1	39.8871	-1.99268
1	4.1	1	39.8885	-2.00732
1	4.2	1	39.8885	-2.00938
1	4.3	1	39.8862	-1.99489
1	4.4	1	39.8879	-2.00358
1	4.5	1	39.8911	-2.00363
1	4.6	1	39.8866	-2.00034
1	4.7	1	39.8885	-1.99561
1	4.8	1	39.8886	-2.00362
1	4.9	1	39.8874	-2.0035
1	5	1	39.8912	-2.00341
1	5.1	1	39.889	-2.00165
1	5.2	1	39.8857	-1.98895
1	5.3	1	39.8869	-1.99997
1	5.4	1	39.8853	-2.00033
1	5.5	1	39.8922	-1.99984
2	-1.9	1	47.669	-1.93734
2	-1.8	1	47.5092	-1.86264
2	-1.7	1	47.2286	-1.78758
2	-1.6	1	46.8801	-1.71895
2	-1.5	1	46.4183	-1.66294
2	-1.4	1	45.8781	-1.57771
2	-1.3	1	45.2334	-1.51694
2	-1.2	1	44.5085	-1.44469
2	-1.1	1	43.7232	-1.37703
2	-1	1	42.8644	-1.30072
2	-0.9	1	41.962	-1.21
2	-0.8	1	41.0261	-1.1351
2	-0.7	1	40.0536	-1.05919
2	-0.6	1	39.0962	-0.950886
2	-0.5	1	38.1432	-0.841829
2	-0.4	1	37.2185	-0.736139
2	-0.3	1	36.3743	-0.6171
2	-0.2	1	35.5821	-0.501502
2	-0.1	1	34.8889	-0.369687
2	0	1	34.2836	-0.249249
2	0.1	1	33.7741	-0.114661
2	0.2	1	33.3609	0.0138375
2	0.3	1	33.0191	0.133918
2	0.4	1	32.7218	0.246269
2	0.5	1	32.4952	0.366931
2	0.6	1	32.3527	0.499282
2	0.7	1	32.1947	0.593574
2	0.8	1	32.1201	0.733243
2	0.9	1	32.012	0.824832
2	1	1	31.9606	0.938497
2	1.1	1	31.9195	1.05668
2	1.2	1	31.8808	1.1471
2	1.3	1	31.8642	1.25776
2	1.4	1	31.8326	1.35423
2	1.5	1	31.8341	1.47091
2	1.6	1	31.8163	1.56357
2	1.7	1	31.8371	1.69529
2	1.8	1	31.8231	1.79408
2	1.9	1	31.8206	1.90382
2	2	1	15.7734	-1.86934
2	2.1	1	15.7568	-1.85984
2	2.2	1	15.8505	-1.91314
2	2.3	1	15.8251	-1.91094
2	2.4	1	15.8446	-1.90954
2	2.5	1	15.8865	-1.94769
2	2.6	1	15.808	-1.90017
2	2.7	1	15.9015	-1.97135
2	2.8	1	15.8261	-1.90683
2	2.9	1	15.8704	-1.94086
2	3	1	15.9028	-1.98789
2	3.1	1	15.9066	-1.98774
2	3.2	1	15.9053	-1.98878
2	3.3	1	15.9065	-1.98404
2	3.4	1	15.8929	-1.97335
2	3.5	1	15.9052	-2.00998
2	3.6	1	15.9008	-1.98395
2	3.7	1	15.9021	-1.99306
2	3.8	1	15.9086	-2.00111
2	3.9	1	15.9061	-1.98583
2	4	1	15.9012	-1.98902
2	4.1	1	15.9085	-2.00502
2	4.2	1	15.9039	-2.00459
2	4.3	1	15.9056	-1.98872
2	4.4	1	15.9049	-2.00906
2	4.5	1	15.9055	-1.99955
2	4.6	1	15.9051	-2.01978
2	4.7	1	15.9039	-2.0029
2	4.8	1	15.9075	-2.00258
2	4.9	1	15.9079	-2.00161
2	5	1	15.9053	-1.99123
2	5.1	1	15.9066	-2.01062
2	5.2	1	15.9026	-2.00748
2	5.3	1	15.9076	-1.98259
2	5.4	1	15.9035	-2.0098
2	5.5	1	15.9058	-2.00681
3	-1.9	1	19.0049	-1.94229
3	-1.8	1	18.9334	-1.85862
3	-1.7	1	18.8344	-1.82089
3	-1.6	1	18.6865	-1.7312
3	-1.5	1	18.5104	-1.66255
3	-1.4	1	18.2978	-1.58697
3	-1.3	1	18.0344	-1.53131
3	-1.2	1	17.7466	-1.41484
3	-1.1	1	17.436	-1.36051
3	-1	1	17.0787	-1.28972
3	-0.9	1	16.7284	-1.23745
3	-0.8	1	16.3641	-1.12131
3	-0.7	1	15.9714	-1.00987
3	-0.6	1	15.5859	-0.943119
3	-0.5	1	15.1821	-0.884673
3	-0.4	1	14.8327	-0.743826
3	-0.3	1	14.4785	-0.650672
3	-0.2	1	14.1937	-0.499381
3	-0.1	1	13.866	-0.418452
3	0	1	13.6449	-0.268226
3	0.1	1	13.4421	-0.148335
3	0.2	1	13.2559	-0.039285
3	0.3	1	13.136	0.0987128
3	0.4	1	13.0359	0.234031
3	0.5	1	12.9236	0.333776
3	0.6	1	12.8727	0.46278
3	0.7	1	12.8179	0.580018
3	0.8	1	12.7789	0.695372
3	0.9	1	12.7385	0.79526
3	1	1	12.7227	0.905092
3	1.1	1	12.6956	1.00943
3	1.2	1	12.6933	1.12252
3	1.3	1	12.7082	1.2655
3	1.4	1	12.6912	1.35104
3	1.5	1	12.6861	1.45935
3	1.6	1	12.6882	1.56836
3	1.7	1	12.691	1.68662
3	1.8	1	6.20039	-1.77527
3	1.9	1	6.21793	-1.79235
3	2	1	6.27245	-1.84418
4	-1.9	1	7.57095	-1.96051
4	-1.8	1	7.54555	-1.88669
4	-1.7	1	7.50922	-1.7747
4	-1.6	1	7.44817	-1.70178
4	-1.5	1	7.37672	-1.66227
4	-1.4	1	7.28824	-1.59542
4	-1.3	1	7.1902	-1.5379
4	-1.2	1	7.07276	-1.45396
4	-1.1	1	6.95007	-1.34845
4	-1	1	6.80162	-1.28353
4	-0.9	1	6.67067	-1.21482
4	-0.8	1	6.52057	-1.0945
4	-0.7	1	6.36632	-1.04712
4	-0.6	1	6.21755	-0.924873
4	-0.5	1	6.05545	-0.88074
4	-0.4	1	5.90681	-0.77069
4	-0.3	1	5.76626	-0.661123
4	-0.2	1	5.62667	-0.579538
4	-0.1	1	5.51753	-0.448547
4	0	1	5.43249	-0.283125
4	0.1	1	5.34166	-0.188737
4	0.2	1	5.29828	0.00529088
4	0.3	1	5.21651	0.0687847
4	0.4	1	5.16685	0.175445
4	0.5	1	5.1688	0.371468
4	0.6	1	5.13247	0.465811
4	0.7	1	5.11065	0.585593
4	0.8	1	5.08297	0.662996
4	0.9	1	5.08078	0.79667
4	1	1	5.0526	0.867767
4	1.1	1	5.07258	1.04449
4	1.2	1	5.05625	1.12871
4	1.3	1	5.06332	1.24121
4	1.4	1	5.05873	1.34427
4	1.5	1	5.05892	1.45772
4	1.6	1	2.42386	-1.68626
4	1.7	1	2.4816	-1.78526
4	1.8	1	2.49054	-1.81763
4	1.9	1	2.476	-1.79338
4	2	1	2.5014	-1.85306
5	-1.9	1	3.02041	-1.92656
5	-1.8	1	3.00586	-1.89878
5	-1.7	1	2.99177	-1.81061
5	-1.6	1	2.96731	-1.72792
5	-1.5	1	2.93959	-1.64821
5	-1.4	1	2.90409	-1.59906
5	-1.3	1	2.86422	-1.53883
5	-1.2	1	2.81981	-1.47168
5	-1.1	1	2.7677	-1.37367
5	-1	1	2.71098	-1.32334
5	-0.9	1	2.65597	-1.241
5	-0.8	1	2.59874	-1.15101
5	-0.7	1	2.5317	-1.08185
5	-0.6	1	2.47594	-0.971783
5	-0.5	1	2.41458	-0.884078
5	-0.4	1	2.34717	-0.829626
5	-0.3	1	2.30347	-0.619138
5	-0.2	1	2.23403	-0.602171
5	-0.1	1	2.20457	-0.403104
5	0	1	2.15545	-0.353456
5	0.1	1	2.13746	-0.128682
5	0.2	1	2.0992	-0.0506248
5	0.3	1	2.07113	0.0201641
5	0.4	1	2.07068	0.224343
5	0.5	1	2.05604	0.346134
5	0.6	1	2.03451	0.404415
5	0.7	1	2.02777	0.538542
5	0.8	1	2.0344	0.716709
5	0.9	1	2.02358	0.781885
5	1	1	2.01748	0.885702
